192
1 22
2 21
3 24
4 23
5 20
6 19
7 17
8 18
9 30
10 29
11 32
12 31
13 28
14 27
15 25
16 26
17 16
18 15
19 13
20 14
21 10
22 9
23 12
24 11
25 3
26 4
27 2
28 1
29 7
30 8
31 6
32 5
1 32
2 31
3 29
4 30
5 26
6 25
7 28
8 27
9 19
10 20
11 18
12 17
13 23
14 24
15 22
16 21
17 6
18 5
19 8
20 7
21 4
22 3
23 1
24 2
25 14
26 13
27 16
28 15
29 12
30 11
31 9
32 10
1 11
2 12
3 10
4 9
5 15
6 16
7 14
8 13
9 8
10 7
11 5
12 6
13 2
14 1
15 4
16 3
17 27
18 28
19 26
20 25
21 31
22 32
23 30
24 29
25 24
26 23
27 21
28 22
29 18
30 17
31 20
32 19
1 28
2 27
3 25
4 26
5 32
6 31
7 29
8 30
9 22
10 21
11 24
12 23
13 19
14 20
15 18
16 17
17 7
18 8
19 6
20 5
21 2
22 1
23 4
24 3
25 15
26 16
27 14
28 13
29 10
30 9
31 12
32 11
1 23
2 24
3 22
4 21
5 18
6 17
7 20
8 19
9 31
10 32
11 30
12 29
13 26
14 25
15 28
16 27
17 12
18 11
19 9
20 10
21 16
22 15
23 13
24 14
25 6
26 5
27 8
28 7
29 3
30 4
31 2
32 1
1 14
2 13
3 16
4 15
5 11
6 12
7 10
8 9
9 4
10 3
11 1
12 2
13 8
14 7
15 5
16 6
17 30
18 29
19 32
20 31
21 27
22 28
23 26
24 25
25 20
26 19
27 17
28 18
29 24
30 23
31 21
32 22
