0	1
1	4
2	6
3	12
4	17
5	28
6	40
7	68
8	95
9	156
10	216
11	356
12	488
13	772
14	1054
15	1660
16	2240
17	3448
18	4642
19	7128
20	9518
21	14392
22	19186
23	28984
24	38237
25	56452
26	74422
27	109676
28	143511
29	209636
30	274674
31	400028
32	518950
33	744680
34	966777
35	1385720
36	1787250
37	2540904
38	3278736
39	4642488
40	5931336
41	8292968
42	10596474
43	14788072
44	18777713
45	25981504
46	32988476
47	45487952
48	57193926
49	77818672
50	97700704
51	132478656
52	165252228
53	222000492
54	276453124
55	369614788
56	456758190
57	604793332
58	746199870
59	984109132
60	1206555972
61	1578342020
62	1931851085
63	2515791468
64	3038141194
65	3879710784
66	4672299320
67	5942511712
68	7086947781
69	8884186220
70	10540288059
71	13110253796
72	15378627270
73	18830675056
74	21957408389
75	26646407040
76	30723624604
77	36699612900
78	41999722934
79	49645170460
80	56023629761
81	64917048572
82	72613741621
83	83128358756
84	91647795632
85	102859681448
86	112207122317
87	124144579256
88	133181603189
89	143975261456
90	152527161217
91	162235208992
92	168832564233
93	175308584548
94	179754447175
95	183058600508
96	183726801446
97	181891660420
98	179514410319
99	173944013164
100	167600290329
101	157287440748
102	148460792785
103	135816646804
104	124622861278
105	109848342220
106	98381675585
107	84128387492
108	72767273549
109	59468201740
110	49982613608
111	39472047396
112	31768517757
113	23651391364
114	18338413444
115	13096559100
116	9594098205
117	6343409328
118	4435828834
119	2786268896
120	1789742612
121	1000052196
122	610961926
123	330522044
124	179247531
125	79889344
126	41344984
127	19518176
128	8461976
129	2847708
130	1257301
131	529652
132	144691
133	24152
134	12156
135	6456
136	1382
